1775 437 1813 452
1197 400 1242 427
1787 431 1801 460
359 390 400 421
1209 407 1232 424
1702 563 1747 590
1586 426 1618 443
519 483 543 507
1100 455 1127 476
370 397 385 414
884 455 915 477
1713 569 1728 582
1387 416 1425 444
692 465 723 480
1411 427 1450 453
258 477 280 488
1631 415 1676 443
253 466 290 500
814 442 851 467
191 484 226 509
762 457 780 480
1644 422 1666 436
761 464 777 471
358 404 399 408
815 414 853 436
895 454 900 475
1338 456 1369 484
1431 416 1459 445
680 446 731 476
710 458 727 484
1890 434 1918 454
625 543 656 575
814 428 853 453
1111 455 1114 476
870 461 922 468
831 450 853 462
203 491 217 504
827 407 839 438
1089 461 1142 467
1775 444 1813 445
371 405 390 410
1454 402 1476 426
774 460 793 480
1647 547 1680 568
1702 578 1743 581
1392 433 1438 442
965 425 1004 436
896 446 905 479
1893 441 1905 456
