349 390 372 422
1633 414 1682 441
1176 401 1224 431
1643 422 1664 439
1534 416 1571 441
1459 457 1488 480
1767 426 1791 444
1186 409 1206 426
571 534 595 548
1333 454 1354 477
694 525 730 552
1545 416 1555 441
690 451 709 460
336 405 380 410
815 426 856 448
1755 420 1802 454
707 533 719 548
1323 461 1371 470
679 444 722 467
558 527 609 557
1767 432 1789 436
1413 468 1445 487
1754 433 1799 439
480 499 518 528
1878 459 1911 495
576 537 585 546
1321 447 1367 481
492 507 502 524
508 466 540 476
771 465 802 474
1540 426 1564 437
1412 475 1442 481
830 435 852 446
1472 553 1496 565
210 491 237 502
691 535 742 544
520 459 531 482
781 457 794 482
1870 474 1905 484
1883 466 1897 492
1631 430 1674 433
1176 417 1222 421
1460 537 1509 571
215 476 249 512
1440 465 1478 479
1469 456 1470 478
706 515 714 548
571 540 594 541
133 534 160 558
483 513 522 515
770 449 808 484
838 494 861 504
